834
17 4 0 1
719 14 10 1
3941 19 0 1
3012 14 19 1
3353 19 3 1
1860 19 9 1
929 0 5 1
1287 9 11 1
7 0 8 1
240 0 14 1
415 11 11 1
1398 13 17 1
1909 12 0 1
2829 7 19 1
5423 3 0 1
5700 4 8 1
299 4 14 1
521 0 7 1
2104 19 14 1
3095 10 11 1
5070 0 4 1
650 8 17 1
1585 0 13 1
2536 0 19 1
4418 13 16 1
4796 13 19 1
2064 15 10 1
2980 7 6 1
4807 12 2 1
5338 3 14 1
492 19 4 1
2516 0 0 1
2746 5 8 1
3107 19 10 1
3505 13 0 1
4409 19 13 1
5712 8 19 1
4732 19 19 1
4842 7 5 1
2744 4 0 3
3723 14 10 3
3999 19 0 3
378 19 3 4
717 14 19 4
3425 19 9 5
5022 0 5 6
2402 9 11 6
5081 0 14 7
1668 11 11 7
2613 13 17 7
4129 12 0 7
3479 7 19 7
3921 3 0 7
2 4 8 7
1729 4 0 7
2268 19 0 7
3282 14 10 7
3331 14 19 7
3377 19 3 7
4808 19 9 7
582 0 8 7
197 4 14 8
5135 19 14 8
2059 0 7 8
869 10 11 8
976 0 4 8
2753 0 5 8
479 9 11 9
3586 8 17 9
4295 0 13 9
4479 0 19 9
921 13 16 9
2676 13 19 9
1157 7 6 10
3358 12 2 10
1091 3 14 10
2085 0 14 10
2153 15 10 10
1291 11 11 11
2847 13 17 11
3183 12 0 11
5444 4 14 11
142 19 14 11
606 8 17 12
1216 0 19 12
2270 0 13 12
5871 19 4 12
454 0 0 12
1196 5 8 12
1761 9 11 12
2457 3 0 12
4367 7 19 12
4540 0 7 12
268 10 11 13
950 13 16 13
3106 13 19 13
1698 7 6 13
2414 12 2 13
3865 19 10 13
339 13 0 13
598 8 19 13
5032 19 13 13
1499 4 0 13
2288 14 10 13
3355 19 0 13
3698 19 9 13
3308 19 3 13
3936 14 19 13
4997 4 8 13
5209 0 4 13
186 8 17 14
5690 15 10 14
2173 3 14 14
5319 19 19 14
366 7 5 14
404 0 5 14
1704 0 8 14
1705 0 14 14
2946 11 11 14
1527 13 17 15
1639 12 0 15
2857 4 14 15
2924 0 19 15
1427 0 13 15
1952 19 4 15
881 0 0 16
1147 5 8 16
2747 9 11 16
3896 3 0 16
2426 7 19 16
2644 10 11 16
294 19 14 16
550 0 7 16
1361 13 16 16
4938 15 10 17
5246 13 19 17
107 8 17 17
708 7 6 18
1420 12 2 18
2758 3 14 18
3330 19 10 18
5400 19 19 18
5778 13 17 18
109 3 0 19
2098 5 8 19
2282 0 0 19
3929 13 0 19
1088 8 19 19
1563 19 13 19
2156 7 5 19
4437 0 5 19
4704 0 8 19
5637 0 14 19
1289 9 11 19
2870 11 11 19
2948 12 0 20
961 7 19 20
4656 4 14 20
5750 10 11 20
587 0 19 20
1075 15 10 20
1428 4 0 20
1874 19 0 20
2998 14 10 20
3659 19 9 20
209 4 8 21
955 0 4 21
958 19 14 21
2860 0 7 21
5044 0 13 21
1359 13 16 21
5492 13 19 21
1089 7 6 21
3913 12 2 21
4207 3 14 21
5221 19 4 21
46 14 19 21
48 19 3 21
2162 13 17 22
2867 3 0 22
170 8 17 22
722 19 10 22
1925 19 19 22
3240 12 0 23
5281 5 8 23
435 13 0 24
4501 7 19 24
2062 4 8 24
2590 4 14 24
3026 0 4 24
626 10 11 24
1062 19 14 24
1327 0 7 24
1572 0 13 24
1591 0 0 24
3615 8 19 25
739 19 13 25
537 7 5 25
1562 4 0 25
2404 19 0 25
3144 14 10 25
3411 19 9 25
4609 0 5 25
5084 0 8 25
5203 0 14 25
5525 13 17 25
900 3 0 25
1919 13 16 25
1962 0 19 25
4166 13 19 25
5094 15 10 25
1971 7 6 26
4820 12 2 26
1397 19 4 26
1777 3 14 26
4771 13 0 26
3817 9 11 26
4133 11 11 26
4154 12 0 27
4243 8 17 27
113 5 8 27
1274 19 10 27
3008 8 19 27
118 19 19 27
480 19 3 27
1923 14 19 27
4024 7 19 28
558 19 13 28
1099 7 5 29
691 4 0 29
1060 19 0 29
3124 14 10 29
3946 0 5 29
4438 19 9 29
1653 0 8 29
4498 0 14 29
451 13 17 29
3031 4 14 29
3366 4 8 29
4420 0 4 29
3050 0 19 30
591 0 13 30
3057 13 16 30
3363 15 10 30
4396 13 19 30
5392 0 0 30
846 3 0 30
1182 7 19 30
3018 10 11 30
3902 19 14 30
1022 0 7 30
4312 7 6 31
36 12 2 31
3437 19 13 31
5098 12 0 31
1230 8 17 31
690 19 4 32
196 3 14 32
639 5 8 32
2349 13 0 32
3426 19 10 32
585 8 19 32
1032 7 5 32
1449 4 0 33
1553 19 3 33
24 14 19 33
1301 9 11 33
2957 11 11 33
4215 0 19 33
4402 19 19 33
3160 19 0 34
4277 14 10 34
5683 0 5 34
2742 19 9 34
2780 13 16 34
3821 0 13 34
3924 13 19 34
4027 15 10 34
4528 7 6 34
4893 19 4 34
5364 0 0 34
2198 19 13 35
3535 4 0 35
4175 19 3 35
1528 0 14 35
2682 0 8 35
3317 12 0 35
3520 3 0 35
4041 7 19 35
1970 12 2 35
4165 3 14 35
3987 5 8 36
1225 13 0 36
3488 19 10 36
1946 14 19 36
2060 13 17 36
3750 4 14 36
4052 4 8 36
4830 0 4 36
4990 10 11 36
565 19 14 36
577 8 17 36
2665 0 19 37
5083 0 7 37
631 19 19 37
2419 8 19 37
182 7 5 37
805 19 0 37
1569 9 11 37
2523 11 11 37
718 5 8 38
4328 14 10 38
2351 0 5 38
1802 13 16 39
2827 0 13 39
3879 15 10 39
641 13 19 39
1159 7 6 39
1453 19 4 39
217 0 0 39
1337 19 10 39
1368 13 0 39
4258 19 13 39
2763 4 0 39
3728 19 3 39
5849 19 9 39
4316 0 19 40
5175 5 8 40
808 0 7 40
467 8 19 41
574 19 19 41
4815 14 10 41
5439 14 19 41
1036 0 14 41
1276 0 8 41
2693 13 17 41
2907 12 0 41
270 3 0 41
546 7 19 41
899 4 14 41
1720 4 8 41
4178 10 11 41
100 0 4 41
3963 8 17 42
5523 15 10 42
1044 12 2 42
3619 3 14 42
4023 7 5 42
4706 19 0 42
4715 0 5 42
2012 9 11 42
3370 11 11 42
3544 19 14 42
3808 13 16 42
5122 0 13 42
1548 0 19 43
1561 13 19 43
5089 7 6 43
5325 19 4 43
3800 5 8 43
3127 13 0 44
2051 19 10 44
114 8 19 44
284 19 13 44
1167 19 19 44
3732 14 10 44
111 14 19 44
2187 0 0 44
2126 4 0 45
4680 19 9 45
1260 19 3 45
1783 0 14 45
1933 0 8 45
2920 13 17 45
4214 12 0 45
2849 8 17 45
4043 15 10 45
548 0 7 45
5471 13 0 46
1645 7 5 46
4788 19 0 46
1150 0 5 46
2795 3 0 46
3635 7 19 46
4671 4 14 46
3664 4 8 46
5437 10 11 46
969 0 19 46
1076 13 19 46
2344 7 6 46
2944 12 2 46
3710 19 4 46
204 3 14 46
1010 5 8 47
3080 19 10 47
3634 9 11 47
13 11 11 47
87 19 14 47
545 13 16 47
633 0 4 47
2280 0 13 47
867 13 0 48
3447 19 19 48
4846 8 19 48
611 19 13 48
3032 4 0 48
5655 14 10 48
140 19 9 48
62 0 14 49
370 0 8 49
1638 13 17 49
1829 12 0 49
165 5 8 49
3242 0 0 49
3599 7 5 49
5108 19 0 49
2464 14 19 49
2854 19 3 49
4956 3 0 50
192 7 19 50
1186 4 14 50
1481 8 17 50
2809 15 10 50
3065 0 5 50
4568 9 11 51
2285 4 8 51
4343 10 11 51
4489 0 7 51
495 13 0 51
2109 19 10 51
777 8 19 51
1362 19 19 51
5110 4 0 52
750 14 10 52
1193 11 11 52
4039 19 14 52
1432 0 19 52
3489 0 4 52
4655 0 13 52
5795 13 16 52
1831 13 19 52
3415 7 6 52
3596 12 2 52
4151 19 4 52
4622 19 13 52
2150 19 9 53
1510 0 8 53
2362 9 11 53
3305 0 14 53
5756 13 17 53
2423 12 0 53
3557 3 0 53
3682 3 14 53
31 0 0 54
5415 0 7 54
51 5 8 54
875 7 5 54
3539 4 0 54
2766 19 0 54
4088 7 19 54
4188 4 14 54
1773 4 8 54
4146 10 11 54
119 8 17 54
1937 15 10 55
2438 13 0 55
4430 19 10 55
4753 19 3 55
4783 14 19 55
1492 0 5 55
449 11 11 56
4627 19 14 56
2441 19 19 56
2789 8 19 56
2188 14 10 56
5801 19 9 57
463 0 4 57
1263 13 16 57
2400 0 19 57
821 0 13 57
1013 0 0 57
4904 13 0 58
3644 19 13 58
5077 0 14 58
253 0 8 58
1697 9 11 58
2796 13 17 58
5826 15 10 58
297 13 19 58
1678 7 6 58
2433 12 2 58
2877 19 4 58
5242 0 7 58
5834 19 10 59
1936 7 5 59
2482 4 0 59
3152 14 19 59
5174 11 11 59
901 12 0 59
2685 3 0 59
4953 19 3 59
72 19 14 59
613 3 14 59
1082 5 8 59
368 8 19 60
1085 19 19 60
2718 19 0 60
2970 19 9 60
3123 0 5 60
3142 7 19 60
4488 4 14 60
5144 10 11 61
5452 0 4 61
2914 13 16 61
656 0 19 61
5603 19 10 61
799 13 0 61
1466 14 10 61
2214 4 8 61
4278 8 17 62
4674 0 13 62
3135 0 0 62
4679 19 13 62
489 0 14 62
3115 11 11 63
4969 13 17 63
5194 15 10 63
163 7 5 63
1682 4 0 63
2728 14 19 63
4446 0 8 63
5382 9 11 63
5614 19 4 64
5807 12 0 64
1859 7 19 64
2983 3 0 64
3697 8 19 64
3931 19 19 64
5710 4 14 64
1760 0 7 64
3506 10 11 64
5211 0 4 64
2350 8 17 64
3981 0 13 64
316 19 0 64
4866 13 19 64
1442 19 3 64
2080 19 9 64
2443 7 6 64
2960 12 2 64
3467 0 5 64
4739 3 14 65
4519 0 0 65
105 5 8 65
476 19 13 65
547 19 14 65
645 13 16 65
786 15 10 66
5275 0 14 66
412 11 11 66
637 13 17 66
1324 19 10 66
4828 0 19 66
3675 13 0 67
433 14 10 67
659 4 8 67
2245 7 5 67
5781 4 0 67
3469 19 4 67
4025 3 14 67
4038 12 0 67
3826 7 19 68
405 3 0 68
1041 8 19 68
1188 14 19 68
5779 9 11 68
1942 0 8 68
2886 0 0 69
3365 19 19 69
4115 4 14 69
863 0 14 70
4804 0 7 70
5067 19 14 70
2382 5 8 70
1468 13 16 70
3971 13 0 70
4962 19 13 70
3049 15 10 70
5112 4 8 71
2611 7 5 71
517 11 11 71
389 10 11 71
1409 0 4 71
1415 13 17 71
2973 4 0 71
4497 0 19 71
844 19 10 71
1637 14 10 71
3385 7 19 71
177 3 0 72
488 8 19 72
956 14 19 72
2469 9 11 72
3257 3 14 72
5519 19 4 72
601 8 17 72
655 0 13 72
762 12 0 72
2738 19 0 73
3070 13 19 73
64 19 19 73
453 4 8 73
895 4 14 73
1222 0 8 73
2454 0 14 73
54 0 7 73
1418 19 14 73
1555 0 0 73
710 19 3 74
925 19 9 74
1072 7 6 74
2318 12 2 74
3984 0 5 74
709 7 5 74
3248 5 8 74
4311 11 11 75
1325 13 16 75
3690 13 0 75
4429 19 0 75
4817 3 0 75
4942 19 13 75
158 8 19 75
886 4 0 76
1043 10 11 76
2659 0 4 76
3887 13 17 76
485 0 19 76
3408 15 10 76
3688 13 19 76
5717 14 19 76
5850 9 11 76
728 0 8 77
1187 0 14 77
2273 3 14 77
1817 19 4 77
3154 19 10 77
5441 14 10 77
5725 7 19 77
3247 19 19 77
4714 19 3 77
1715 19 9 77
3064 7 6 77
195 12 2 77
752 4 8 77
3846 4 14 77
4457 0 5 77
957 11 11 78
3276 0 7 78
1734 19 14 78
4185 4 0 78
5839 8 17 78
3186 0 0 78
4261 0 13 78
5681 12 0 78
427 13 16 79
2417 13 0 79
4362 19 0 79
835 3 0 79
2901 19 13 79
3199 7 5 79
136 0 14 79
1712 0 8 79
1763 10 11 79
2161 0 4 79
2568 13 17 79
3918 5 8 79
82 9 11 80
1249 0 19 80
1106 15 10 80
4063 8 19 80
5372 13 19 80
1910 3 14 80
3384 14 19 80
4303 19 10 81
346 14 10 81
2725 7 19 81
669 11 11 81
4662 0 7 81
5865 19 4 81
2704 8 17 82
2840 19 19 82
580 19 14 82
4228 4 0 82
1810 19 3 82
3689 0 0 83
49 0 13 83
445 12 0 83
3189 0 19 83
5806 13 16 83
1285 13 0 83
5305 19 0 83
108 19 10 83
247 19 9 83
5068 7 6 83
5162 9 11 83
5668 7 5 84
5792 14 10 84
682 7 19 84
3344 3 0 84
3780 19 13 84
5257 4 14 84
5404 15 10 84
732 8 19 84
1470 13 19 84
1700 12 2 84
2186 0 5 84
2661 4 8 84
1265 0 8 85
1345 0 14 85
1806 11 11 85
4472 0 7 85
1305 10 11 85
1404 0 4 85
3901 13 17 85
4004 3 14 85
317 5 8 85
3085 19 4 85
5515 8 17 85
181 0 0 85
1103 19 19 85
2190 14 19 85
4012 4 0 86
153 0 13 86
993 12 0 86
2322 13 16 86
3707 0 19 86
970 19 14 86
4074 13 0 87
4305 19 0 87
1534 7 5 87
2353 19 10 88
3245 14 10 88
3840 19 3 88
4298 19 9 88
4636 7 6 88
5294 9 11 88
1033 0 8 88
4448 0 14 88
1846 11 11 88
4250 0 7 88
4469 10 11 89
2492 0 4 89
2643 13 17 89
3648 3 14 89
4239 4 0 89
1681 7 19 89
1998 3 0 89
3552 19 13 89
4227 15 10 89
1163 4 14 89
2384 19 4 90
4336 8 17 90
424 5 8 90
1855 0 13 90
2999 12 0 90
2055 0 19 90
2277 13 16 90
3312 13 19 90
3986 8 19 90
4749 12 2 90
41 4 8 90
2953 0 5 90
3932 19 14 91
2138 0 0 91
3140 13 0 91
4333 19 0 91
1107 19 19 91
1663 14 19 91
4687 19 9 92
348 7 6 92
2218 9 11 92
4689 7 5 92
5267 19 10 92
5446 14 10 92
5797 19 3 92
5105 10 11 93
333 19 4 93
4948 8 17 93
5302 0 8 93
1776 0 14 93
2289 19 14 93
3880 3 14 94
5073 0 4 94
1331 13 17 94
1721 4 0 94
4844 5 8 94
2578 0 0 94
3372 0 13 94
4306 12 0 94
4523 13 0 94
4770 19 0 94
1862 19 9 94
2974 11 11 94
4014 0 7 94
2271 10 11 95
2825 0 19 95
4141 13 16 95
4703 7 19 95
80 3 0 95
1498 19 13 95
1658 15 10 95
2727 13 19 95
4283 8 19 95
332 19 19 95
3225 12 2 95
4080 14 19 95
4816 4 8 96
5014 9 11 96
5283 7 5 96
1502 0 8 96
5464 19 4 96
203 8 17 96
1450 19 10 96
1701 14 10 96
2466 4 14 96
2494 19 3 96
2691 7 6 96
5601 0 5 96
4356 0 14 97
154 19 14 97
764 3 14 97
1877 0 4 97
357 13 17 98
4973 5 8 98
