159
1239 15 8 1
5079 16 9 1
197 15 7 1
1081 12 5 1
1961 11 17 1
2956 15 8 4
4045 16 9 4
2043 12 5 5
3525 11 17 5
4073 15 7 5
3673 15 8 7
3959 16 9 7
5331 12 5 8
798 11 17 8
1203 15 7 8
5442 12 5 10
1018 11 17 11
1091 15 8 11
3286 16 9 11
3723 15 7 11
1708 12 5 12
1405 11 17 13
4505 15 8 14
248 15 7 15
83 16 9 15
2174 12 5 16
5060 15 8 16
277 11 17 17
589 15 7 18
5040 12 5 18
6006 15 8 19
1062 16 9 19
3468 11 17 20
2301 15 7 21
3317 12 5 21
4851 11 17 22
3532 15 8 22
2670 16 9 23
3562 11 17 24
5963 15 7 25
2849 12 5 25
330 15 8 26
3360 16 9 26
2881 11 17 27
5402 15 7 27
1510 12 5 28
96 15 8 29
127 16 9 29
894 12 5 30
226 11 17 30
1108 15 7 30
4587 15 8 31
2827 16 9 31
2121 12 5 32
975 11 17 34
2546 15 8 34
2623 15 7 34
3988 16 9 35
1730 12 5 36
4637 11 17 38
1463 15 8 38
3015 15 7 38
3188 16 9 38
4154 12 5 40
4643 11 17 40
4679 15 8 42
25 15 7 42
343 16 9 42
810 12 5 44
1435 11 17 44
2602 15 8 44
16 15 7 46
2970 16 9 46
2215 12 5 47
1601 11 17 47
1143 15 8 48
2004 15 7 49
2153 16 9 49
2773 12 5 49
1505 11 17 50
5142 15 8 50
2041 15 7 52
1311 16 9 52
4053 11 17 52
387 15 8 52
4319 12 5 53
18 15 7 54
253 16 9 55
4123 12 5 56
4567 11 17 56
5348 15 7 56
4207 15 8 57
910 16 9 57
860 12 5 59
4728 11 17 60
2496 15 8 60
4484 15 7 60
51 16 9 61
808 12 5 62
4507 11 17 63
3782 15 8 64
4830 15 7 64
334 16 9 64
3652 12 5 65
322 11 17 66
1823 15 8 66
1305 15 7 66
1285 11 17 68
2233 15 8 68
2538 16 9 68
1080 12 5 69
2158 15 7 69
819 11 17 71
3650 15 8 71
3033 16 9 71
1467 12 5 73
3140 15 7 73
791 11 17 74
1473 15 8 75
2216 15 7 76
2196 16 9 76
219 12 5 76
966 11 17 77
3065 15 8 77
1819 15 7 79
5733 11 17 79
366 15 8 79
531 16 9 80
676 12 5 81
2811 11 17 82
3885 15 7 82
1168 15 8 83
1103 16 9 83
3860 12 5 84
591 11 17 84
781 15 7 84
869 15 8 85
1161 16 9 86
5004 12 5 86
2965 11 17 87
38 15 8 88
4290 15 7 88
5790 16 9 88
13 12 5 88
1852 11 17 90
2376 15 8 91
3121 15 7 91
165 16 9 91
4016 12 5 92
4564 11 17 93
1670 15 8 93
4792 12 5 94
3363 11 17 95
4023 15 7 95
2959 12 5 96
1882 15 8 96
2088 16 9 96
5804 12 5 98
5844 11 17 98
